{
 "cells": [
  {
   "cell_type": "markdown",
   "metadata": {},
   "source": [
    "# 11.Long Short Term Memory Algorithm (LSTM)"
   ]
  },
  {
   "cell_type": "code",
   "execution_count": 1,
   "metadata": {},
   "outputs": [],
   "source": [
    "import numpy as np\n",
    "import pandas as pd\n",
    "import matplotlib.pyplot as plt\n",
    "from sklearn.preprocessing import MinMaxScaler\n",
    "from tensorflow.keras.models import Sequential\n",
    "from tensorflow.keras.layers import LSTM, Dense, Dropout"
   ]
  },
  {
   "cell_type": "code",
   "execution_count": 2,
   "metadata": {},
   "outputs": [
    {
     "data": {
      "text/html": [
       "<div>\n",
       "<style scoped>\n",
       "    .dataframe tbody tr th:only-of-type {\n",
       "        vertical-align: middle;\n",
       "    }\n",
       "\n",
       "    .dataframe tbody tr th {\n",
       "        vertical-align: top;\n",
       "    }\n",
       "\n",
       "    .dataframe thead th {\n",
       "        text-align: right;\n",
       "    }\n",
       "</style>\n",
       "<table border=\"1\" class=\"dataframe\">\n",
       "  <thead>\n",
       "    <tr style=\"text-align: right;\">\n",
       "      <th></th>\n",
       "      <th>Date</th>\n",
       "      <th>Open</th>\n",
       "      <th>High</th>\n",
       "      <th>Low</th>\n",
       "      <th>Close</th>\n",
       "      <th>Volume</th>\n",
       "      <th>Adj Close</th>\n",
       "    </tr>\n",
       "  </thead>\n",
       "  <tbody>\n",
       "    <tr>\n",
       "      <th>0</th>\n",
       "      <td>6/29/2010</td>\n",
       "      <td>19.000000</td>\n",
       "      <td>25.000000</td>\n",
       "      <td>17.540001</td>\n",
       "      <td>23.889999</td>\n",
       "      <td>18766300</td>\n",
       "      <td>23.889999</td>\n",
       "    </tr>\n",
       "    <tr>\n",
       "      <th>1</th>\n",
       "      <td>6/30/2010</td>\n",
       "      <td>25.790001</td>\n",
       "      <td>30.420000</td>\n",
       "      <td>23.299999</td>\n",
       "      <td>23.830000</td>\n",
       "      <td>17187100</td>\n",
       "      <td>23.830000</td>\n",
       "    </tr>\n",
       "    <tr>\n",
       "      <th>2</th>\n",
       "      <td>7/1/2010</td>\n",
       "      <td>25.000000</td>\n",
       "      <td>25.920000</td>\n",
       "      <td>20.270000</td>\n",
       "      <td>21.959999</td>\n",
       "      <td>8218800</td>\n",
       "      <td>21.959999</td>\n",
       "    </tr>\n",
       "    <tr>\n",
       "      <th>3</th>\n",
       "      <td>7/2/2010</td>\n",
       "      <td>23.000000</td>\n",
       "      <td>23.100000</td>\n",
       "      <td>18.709999</td>\n",
       "      <td>19.200001</td>\n",
       "      <td>5139800</td>\n",
       "      <td>19.200001</td>\n",
       "    </tr>\n",
       "    <tr>\n",
       "      <th>4</th>\n",
       "      <td>7/6/2010</td>\n",
       "      <td>20.000000</td>\n",
       "      <td>20.000000</td>\n",
       "      <td>15.830000</td>\n",
       "      <td>16.110001</td>\n",
       "      <td>6866900</td>\n",
       "      <td>16.110001</td>\n",
       "    </tr>\n",
       "    <tr>\n",
       "      <th>...</th>\n",
       "      <td>...</td>\n",
       "      <td>...</td>\n",
       "      <td>...</td>\n",
       "      <td>...</td>\n",
       "      <td>...</td>\n",
       "      <td>...</td>\n",
       "      <td>...</td>\n",
       "    </tr>\n",
       "    <tr>\n",
       "      <th>1687</th>\n",
       "      <td>3/13/2017</td>\n",
       "      <td>244.820007</td>\n",
       "      <td>246.850006</td>\n",
       "      <td>242.779999</td>\n",
       "      <td>246.169998</td>\n",
       "      <td>3010700</td>\n",
       "      <td>246.169998</td>\n",
       "    </tr>\n",
       "    <tr>\n",
       "      <th>1688</th>\n",
       "      <td>3/14/2017</td>\n",
       "      <td>246.110001</td>\n",
       "      <td>258.119995</td>\n",
       "      <td>246.020004</td>\n",
       "      <td>258.000000</td>\n",
       "      <td>7575500</td>\n",
       "      <td>258.000000</td>\n",
       "    </tr>\n",
       "    <tr>\n",
       "      <th>1689</th>\n",
       "      <td>3/15/2017</td>\n",
       "      <td>257.000000</td>\n",
       "      <td>261.000000</td>\n",
       "      <td>254.270004</td>\n",
       "      <td>255.729996</td>\n",
       "      <td>4816600</td>\n",
       "      <td>255.729996</td>\n",
       "    </tr>\n",
       "    <tr>\n",
       "      <th>1690</th>\n",
       "      <td>3/16/2017</td>\n",
       "      <td>262.399994</td>\n",
       "      <td>265.750000</td>\n",
       "      <td>259.059998</td>\n",
       "      <td>262.049988</td>\n",
       "      <td>7100400</td>\n",
       "      <td>262.049988</td>\n",
       "    </tr>\n",
       "    <tr>\n",
       "      <th>1691</th>\n",
       "      <td>3/17/2017</td>\n",
       "      <td>264.000000</td>\n",
       "      <td>265.329987</td>\n",
       "      <td>261.200012</td>\n",
       "      <td>261.500000</td>\n",
       "      <td>6475900</td>\n",
       "      <td>261.500000</td>\n",
       "    </tr>\n",
       "  </tbody>\n",
       "</table>\n",
       "<p>1692 rows × 7 columns</p>\n",
       "</div>"
      ],
      "text/plain": [
       "           Date        Open        High         Low       Close    Volume  \\\n",
       "0     6/29/2010   19.000000   25.000000   17.540001   23.889999  18766300   \n",
       "1     6/30/2010   25.790001   30.420000   23.299999   23.830000  17187100   \n",
       "2      7/1/2010   25.000000   25.920000   20.270000   21.959999   8218800   \n",
       "3      7/2/2010   23.000000   23.100000   18.709999   19.200001   5139800   \n",
       "4      7/6/2010   20.000000   20.000000   15.830000   16.110001   6866900   \n",
       "...         ...         ...         ...         ...         ...       ...   \n",
       "1687  3/13/2017  244.820007  246.850006  242.779999  246.169998   3010700   \n",
       "1688  3/14/2017  246.110001  258.119995  246.020004  258.000000   7575500   \n",
       "1689  3/15/2017  257.000000  261.000000  254.270004  255.729996   4816600   \n",
       "1690  3/16/2017  262.399994  265.750000  259.059998  262.049988   7100400   \n",
       "1691  3/17/2017  264.000000  265.329987  261.200012  261.500000   6475900   \n",
       "\n",
       "       Adj Close  \n",
       "0      23.889999  \n",
       "1      23.830000  \n",
       "2      21.959999  \n",
       "3      19.200001  \n",
       "4      16.110001  \n",
       "...          ...  \n",
       "1687  246.169998  \n",
       "1688  258.000000  \n",
       "1689  255.729996  \n",
       "1690  262.049988  \n",
       "1691  261.500000  \n",
       "\n",
       "[1692 rows x 7 columns]"
      ]
     },
     "execution_count": 2,
     "metadata": {},
     "output_type": "execute_result"
    }
   ],
   "source": [
    "\n",
    "df = pd.read_csv('tesla.csv')\n",
    "df"
   ]
  },
  {
   "cell_type": "code",
   "execution_count": 3,
   "metadata": {},
   "outputs": [
    {
     "name": "stdout",
     "output_type": "stream",
     "text": [
      "<class 'pandas.core.frame.DataFrame'>\n",
      "RangeIndex: 1692 entries, 0 to 1691\n",
      "Data columns (total 7 columns):\n",
      " #   Column     Non-Null Count  Dtype  \n",
      "---  ------     --------------  -----  \n",
      " 0   Date       1692 non-null   object \n",
      " 1   Open       1692 non-null   float64\n",
      " 2   High       1692 non-null   float64\n",
      " 3   Low        1692 non-null   float64\n",
      " 4   Close      1692 non-null   float64\n",
      " 5   Volume     1692 non-null   int64  \n",
      " 6   Adj Close  1692 non-null   float64\n",
      "dtypes: float64(5), int64(1), object(1)\n",
      "memory usage: 92.7+ KB\n"
     ]
    }
   ],
   "source": [
    "df.info()"
   ]
  },
  {
   "cell_type": "code",
   "execution_count": 4,
   "metadata": {},
   "outputs": [],
   "source": [
    "df['Date'] = pd.to_datetime(df['Date'])"
   ]
  },
  {
   "cell_type": "code",
   "execution_count": 5,
   "metadata": {},
   "outputs": [
    {
     "data": {
      "text/html": [
       "<div>\n",
       "<style scoped>\n",
       "    .dataframe tbody tr th:only-of-type {\n",
       "        vertical-align: middle;\n",
       "    }\n",
       "\n",
       "    .dataframe tbody tr th {\n",
       "        vertical-align: top;\n",
       "    }\n",
       "\n",
       "    .dataframe thead th {\n",
       "        text-align: right;\n",
       "    }\n",
       "</style>\n",
       "<table border=\"1\" class=\"dataframe\">\n",
       "  <thead>\n",
       "    <tr style=\"text-align: right;\">\n",
       "      <th></th>\n",
       "      <th>Date</th>\n",
       "      <th>Open</th>\n",
       "      <th>High</th>\n",
       "      <th>Low</th>\n",
       "      <th>Close</th>\n",
       "      <th>Volume</th>\n",
       "      <th>Adj Close</th>\n",
       "    </tr>\n",
       "  </thead>\n",
       "  <tbody>\n",
       "    <tr>\n",
       "      <th>0</th>\n",
       "      <td>2010-06-29</td>\n",
       "      <td>19.000000</td>\n",
       "      <td>25.000000</td>\n",
       "      <td>17.540001</td>\n",
       "      <td>23.889999</td>\n",
       "      <td>18766300</td>\n",
       "      <td>23.889999</td>\n",
       "    </tr>\n",
       "    <tr>\n",
       "      <th>1</th>\n",
       "      <td>2010-06-30</td>\n",
       "      <td>25.790001</td>\n",
       "      <td>30.420000</td>\n",
       "      <td>23.299999</td>\n",
       "      <td>23.830000</td>\n",
       "      <td>17187100</td>\n",
       "      <td>23.830000</td>\n",
       "    </tr>\n",
       "    <tr>\n",
       "      <th>2</th>\n",
       "      <td>2010-07-01</td>\n",
       "      <td>25.000000</td>\n",
       "      <td>25.920000</td>\n",
       "      <td>20.270000</td>\n",
       "      <td>21.959999</td>\n",
       "      <td>8218800</td>\n",
       "      <td>21.959999</td>\n",
       "    </tr>\n",
       "    <tr>\n",
       "      <th>3</th>\n",
       "      <td>2010-07-02</td>\n",
       "      <td>23.000000</td>\n",
       "      <td>23.100000</td>\n",
       "      <td>18.709999</td>\n",
       "      <td>19.200001</td>\n",
       "      <td>5139800</td>\n",
       "      <td>19.200001</td>\n",
       "    </tr>\n",
       "    <tr>\n",
       "      <th>4</th>\n",
       "      <td>2010-07-06</td>\n",
       "      <td>20.000000</td>\n",
       "      <td>20.000000</td>\n",
       "      <td>15.830000</td>\n",
       "      <td>16.110001</td>\n",
       "      <td>6866900</td>\n",
       "      <td>16.110001</td>\n",
       "    </tr>\n",
       "    <tr>\n",
       "      <th>...</th>\n",
       "      <td>...</td>\n",
       "      <td>...</td>\n",
       "      <td>...</td>\n",
       "      <td>...</td>\n",
       "      <td>...</td>\n",
       "      <td>...</td>\n",
       "      <td>...</td>\n",
       "    </tr>\n",
       "    <tr>\n",
       "      <th>1687</th>\n",
       "      <td>2017-03-13</td>\n",
       "      <td>244.820007</td>\n",
       "      <td>246.850006</td>\n",
       "      <td>242.779999</td>\n",
       "      <td>246.169998</td>\n",
       "      <td>3010700</td>\n",
       "      <td>246.169998</td>\n",
       "    </tr>\n",
       "    <tr>\n",
       "      <th>1688</th>\n",
       "      <td>2017-03-14</td>\n",
       "      <td>246.110001</td>\n",
       "      <td>258.119995</td>\n",
       "      <td>246.020004</td>\n",
       "      <td>258.000000</td>\n",
       "      <td>7575500</td>\n",
       "      <td>258.000000</td>\n",
       "    </tr>\n",
       "    <tr>\n",
       "      <th>1689</th>\n",
       "      <td>2017-03-15</td>\n",
       "      <td>257.000000</td>\n",
       "      <td>261.000000</td>\n",
       "      <td>254.270004</td>\n",
       "      <td>255.729996</td>\n",
       "      <td>4816600</td>\n",
       "      <td>255.729996</td>\n",
       "    </tr>\n",
       "    <tr>\n",
       "      <th>1690</th>\n",
       "      <td>2017-03-16</td>\n",
       "      <td>262.399994</td>\n",
       "      <td>265.750000</td>\n",
       "      <td>259.059998</td>\n",
       "      <td>262.049988</td>\n",
       "      <td>7100400</td>\n",
       "      <td>262.049988</td>\n",
       "    </tr>\n",
       "    <tr>\n",
       "      <th>1691</th>\n",
       "      <td>2017-03-17</td>\n",
       "      <td>264.000000</td>\n",
       "      <td>265.329987</td>\n",
       "      <td>261.200012</td>\n",
       "      <td>261.500000</td>\n",
       "      <td>6475900</td>\n",
       "      <td>261.500000</td>\n",
       "    </tr>\n",
       "  </tbody>\n",
       "</table>\n",
       "<p>1692 rows × 7 columns</p>\n",
       "</div>"
      ],
      "text/plain": [
       "           Date        Open        High         Low       Close    Volume  \\\n",
       "0    2010-06-29   19.000000   25.000000   17.540001   23.889999  18766300   \n",
       "1    2010-06-30   25.790001   30.420000   23.299999   23.830000  17187100   \n",
       "2    2010-07-01   25.000000   25.920000   20.270000   21.959999   8218800   \n",
       "3    2010-07-02   23.000000   23.100000   18.709999   19.200001   5139800   \n",
       "4    2010-07-06   20.000000   20.000000   15.830000   16.110001   6866900   \n",
       "...         ...         ...         ...         ...         ...       ...   \n",
       "1687 2017-03-13  244.820007  246.850006  242.779999  246.169998   3010700   \n",
       "1688 2017-03-14  246.110001  258.119995  246.020004  258.000000   7575500   \n",
       "1689 2017-03-15  257.000000  261.000000  254.270004  255.729996   4816600   \n",
       "1690 2017-03-16  262.399994  265.750000  259.059998  262.049988   7100400   \n",
       "1691 2017-03-17  264.000000  265.329987  261.200012  261.500000   6475900   \n",
       "\n",
       "       Adj Close  \n",
       "0      23.889999  \n",
       "1      23.830000  \n",
       "2      21.959999  \n",
       "3      19.200001  \n",
       "4      16.110001  \n",
       "...          ...  \n",
       "1687  246.169998  \n",
       "1688  258.000000  \n",
       "1689  255.729996  \n",
       "1690  262.049988  \n",
       "1691  261.500000  \n",
       "\n",
       "[1692 rows x 7 columns]"
      ]
     },
     "execution_count": 5,
     "metadata": {},
     "output_type": "execute_result"
    }
   ],
   "source": [
    "df"
   ]
  },
  {
   "cell_type": "code",
   "execution_count": 6,
   "metadata": {},
   "outputs": [
    {
     "name": "stdout",
     "output_type": "stream",
     "text": [
      "<class 'pandas.core.frame.DataFrame'>\n",
      "RangeIndex: 1692 entries, 0 to 1691\n",
      "Data columns (total 7 columns):\n",
      " #   Column     Non-Null Count  Dtype         \n",
      "---  ------     --------------  -----         \n",
      " 0   Date       1692 non-null   datetime64[ns]\n",
      " 1   Open       1692 non-null   float64       \n",
      " 2   High       1692 non-null   float64       \n",
      " 3   Low        1692 non-null   float64       \n",
      " 4   Close      1692 non-null   float64       \n",
      " 5   Volume     1692 non-null   int64         \n",
      " 6   Adj Close  1692 non-null   float64       \n",
      "dtypes: datetime64[ns](1), float64(5), int64(1)\n",
      "memory usage: 92.7 KB\n"
     ]
    }
   ],
   "source": [
    "df.info()"
   ]
  },
  {
   "cell_type": "code",
   "execution_count": 7,
   "metadata": {},
   "outputs": [],
   "source": [
    "df = df.sort_values(by='Date', ascending=True)"
   ]
  },
  {
   "cell_type": "code",
   "execution_count": 8,
   "metadata": {},
   "outputs": [],
   "source": [
    "df = df.drop(['Adj Close'],axis=1)"
   ]
  },
  {
   "cell_type": "code",
   "execution_count": 9,
   "metadata": {},
   "outputs": [
    {
     "data": {
      "text/html": [
       "<div>\n",
       "<style scoped>\n",
       "    .dataframe tbody tr th:only-of-type {\n",
       "        vertical-align: middle;\n",
       "    }\n",
       "\n",
       "    .dataframe tbody tr th {\n",
       "        vertical-align: top;\n",
       "    }\n",
       "\n",
       "    .dataframe thead th {\n",
       "        text-align: right;\n",
       "    }\n",
       "</style>\n",
       "<table border=\"1\" class=\"dataframe\">\n",
       "  <thead>\n",
       "    <tr style=\"text-align: right;\">\n",
       "      <th></th>\n",
       "      <th>Date</th>\n",
       "      <th>Open</th>\n",
       "      <th>High</th>\n",
       "      <th>Low</th>\n",
       "      <th>Close</th>\n",
       "      <th>Volume</th>\n",
       "    </tr>\n",
       "  </thead>\n",
       "  <tbody>\n",
       "    <tr>\n",
       "      <th>0</th>\n",
       "      <td>2010-06-29</td>\n",
       "      <td>19.000000</td>\n",
       "      <td>25.000000</td>\n",
       "      <td>17.540001</td>\n",
       "      <td>23.889999</td>\n",
       "      <td>18766300</td>\n",
       "    </tr>\n",
       "    <tr>\n",
       "      <th>1</th>\n",
       "      <td>2010-06-30</td>\n",
       "      <td>25.790001</td>\n",
       "      <td>30.420000</td>\n",
       "      <td>23.299999</td>\n",
       "      <td>23.830000</td>\n",
       "      <td>17187100</td>\n",
       "    </tr>\n",
       "    <tr>\n",
       "      <th>2</th>\n",
       "      <td>2010-07-01</td>\n",
       "      <td>25.000000</td>\n",
       "      <td>25.920000</td>\n",
       "      <td>20.270000</td>\n",
       "      <td>21.959999</td>\n",
       "      <td>8218800</td>\n",
       "    </tr>\n",
       "    <tr>\n",
       "      <th>3</th>\n",
       "      <td>2010-07-02</td>\n",
       "      <td>23.000000</td>\n",
       "      <td>23.100000</td>\n",
       "      <td>18.709999</td>\n",
       "      <td>19.200001</td>\n",
       "      <td>5139800</td>\n",
       "    </tr>\n",
       "    <tr>\n",
       "      <th>4</th>\n",
       "      <td>2010-07-06</td>\n",
       "      <td>20.000000</td>\n",
       "      <td>20.000000</td>\n",
       "      <td>15.830000</td>\n",
       "      <td>16.110001</td>\n",
       "      <td>6866900</td>\n",
       "    </tr>\n",
       "    <tr>\n",
       "      <th>...</th>\n",
       "      <td>...</td>\n",
       "      <td>...</td>\n",
       "      <td>...</td>\n",
       "      <td>...</td>\n",
       "      <td>...</td>\n",
       "      <td>...</td>\n",
       "    </tr>\n",
       "    <tr>\n",
       "      <th>1687</th>\n",
       "      <td>2017-03-13</td>\n",
       "      <td>244.820007</td>\n",
       "      <td>246.850006</td>\n",
       "      <td>242.779999</td>\n",
       "      <td>246.169998</td>\n",
       "      <td>3010700</td>\n",
       "    </tr>\n",
       "    <tr>\n",
       "      <th>1688</th>\n",
       "      <td>2017-03-14</td>\n",
       "      <td>246.110001</td>\n",
       "      <td>258.119995</td>\n",
       "      <td>246.020004</td>\n",
       "      <td>258.000000</td>\n",
       "      <td>7575500</td>\n",
       "    </tr>\n",
       "    <tr>\n",
       "      <th>1689</th>\n",
       "      <td>2017-03-15</td>\n",
       "      <td>257.000000</td>\n",
       "      <td>261.000000</td>\n",
       "      <td>254.270004</td>\n",
       "      <td>255.729996</td>\n",
       "      <td>4816600</td>\n",
       "    </tr>\n",
       "    <tr>\n",
       "      <th>1690</th>\n",
       "      <td>2017-03-16</td>\n",
       "      <td>262.399994</td>\n",
       "      <td>265.750000</td>\n",
       "      <td>259.059998</td>\n",
       "      <td>262.049988</td>\n",
       "      <td>7100400</td>\n",
       "    </tr>\n",
       "    <tr>\n",
       "      <th>1691</th>\n",
       "      <td>2017-03-17</td>\n",
       "      <td>264.000000</td>\n",
       "      <td>265.329987</td>\n",
       "      <td>261.200012</td>\n",
       "      <td>261.500000</td>\n",
       "      <td>6475900</td>\n",
       "    </tr>\n",
       "  </tbody>\n",
       "</table>\n",
       "<p>1692 rows × 6 columns</p>\n",
       "</div>"
      ],
      "text/plain": [
       "           Date        Open        High         Low       Close    Volume\n",
       "0    2010-06-29   19.000000   25.000000   17.540001   23.889999  18766300\n",
       "1    2010-06-30   25.790001   30.420000   23.299999   23.830000  17187100\n",
       "2    2010-07-01   25.000000   25.920000   20.270000   21.959999   8218800\n",
       "3    2010-07-02   23.000000   23.100000   18.709999   19.200001   5139800\n",
       "4    2010-07-06   20.000000   20.000000   15.830000   16.110001   6866900\n",
       "...         ...         ...         ...         ...         ...       ...\n",
       "1687 2017-03-13  244.820007  246.850006  242.779999  246.169998   3010700\n",
       "1688 2017-03-14  246.110001  258.119995  246.020004  258.000000   7575500\n",
       "1689 2017-03-15  257.000000  261.000000  254.270004  255.729996   4816600\n",
       "1690 2017-03-16  262.399994  265.750000  259.059998  262.049988   7100400\n",
       "1691 2017-03-17  264.000000  265.329987  261.200012  261.500000   6475900\n",
       "\n",
       "[1692 rows x 6 columns]"
      ]
     },
     "execution_count": 9,
     "metadata": {},
     "output_type": "execute_result"
    }
   ],
   "source": [
    "df"
   ]
  },
  {
   "cell_type": "code",
   "execution_count": 10,
   "metadata": {},
   "outputs": [],
   "source": [
    "scaler = MinMaxScaler(feature_range=(0, 1))\n",
    "df[['Open','High','Low','Close','Volume']] = scaler.fit_transform(df[['Open','High','Low','Close','Volume']])"
   ]
  },
  {
   "cell_type": "code",
   "execution_count": 11,
   "metadata": {},
   "outputs": [],
   "source": [
    "n_steps = 45 \n",
    "# Create sequences of input-output pairs\n",
    "def create_sequences(data, n_steps):\n",
    "    X, y = [], []\n",
    "    for i in range(len(data) - n_steps):\n",
    "        X.append(data.iloc[i:i+n_steps, 1:].values)  # Input features (excluding 'Date' column)\n",
    "        y.append(data.iloc[i+n_steps, 4])            # Target variable ('Close' price)\n",
    "    return np.array(X), np.array(y)\n",
    "\n",
    "X, y = create_sequences(df, n_steps)\n",
    "\n"
   ]
  },
  {
   "cell_type": "code",
   "execution_count": 12,
   "metadata": {},
   "outputs": [],
   "source": [
    "# Split the dataset into training and testing sets\n",
    "split_ratio = 0.8  \n",
    "split_index = int(split_ratio * len(X))\n",
    "X_train, X_test = X[:split_index], X[split_index:]\n",
    "y_train, y_test = y[:split_index], y[split_index:]"
   ]
  },
  {
   "cell_type": "code",
   "execution_count": 13,
   "metadata": {},
   "outputs": [
    {
     "data": {
      "text/plain": [
       "(1317, 45, 5)"
      ]
     },
     "execution_count": 13,
     "metadata": {},
     "output_type": "execute_result"
    }
   ],
   "source": [
    "X_train.shape"
   ]
  },
  {
   "cell_type": "code",
   "execution_count": 14,
   "metadata": {},
   "outputs": [
    {
     "name": "stderr",
     "output_type": "stream",
     "text": [
      "C:\\Users\\abins\\AppData\\Local\\Packages\\PythonSoftwareFoundation.Python.3.11_qbz5n2kfra8p0\\LocalCache\\local-packages\\Python311\\site-packages\\keras\\src\\layers\\rnn\\rnn.py:204: UserWarning: Do not pass an `input_shape`/`input_dim` argument to a layer. When using Sequential models, prefer using an `Input(shape)` object as the first layer in the model instead.\n",
      "  super().__init__(**kwargs)\n"
     ]
    }
   ],
   "source": [
    "model = Sequential([\n",
    "    LSTM(units=50, activation='relu', input_shape=(n_steps, 5)),\n",
    "    Dense(units=1)  # Output layer with 1 neuron for regression task\n",
    "])"
   ]
  },
  {
   "cell_type": "code",
   "execution_count": 15,
   "metadata": {},
   "outputs": [],
   "source": [
    "model.compile(optimizer='adam', loss='mse')"
   ]
  },
  {
   "cell_type": "code",
   "execution_count": 16,
   "metadata": {},
   "outputs": [
    {
     "name": "stdout",
     "output_type": "stream",
     "text": [
      "Epoch 1/10\n",
      "\u001b[1m42/42\u001b[0m \u001b[32m━━━━━━━━━━━━━━━━━━━━\u001b[0m\u001b[37m\u001b[0m \u001b[1m2s\u001b[0m 9ms/step - loss: 0.1592\n",
      "Epoch 2/10\n",
      "\u001b[1m42/42\u001b[0m \u001b[32m━━━━━━━━━━━━━━━━━━━━\u001b[0m\u001b[37m\u001b[0m \u001b[1m0s\u001b[0m 9ms/step - loss: 0.0024\n",
      "Epoch 3/10\n",
      "\u001b[1m42/42\u001b[0m \u001b[32m━━━━━━━━━━━━━━━━━━━━\u001b[0m\u001b[37m\u001b[0m \u001b[1m0s\u001b[0m 10ms/step - loss: 0.0011\n",
      "Epoch 4/10\n",
      "\u001b[1m42/42\u001b[0m \u001b[32m━━━━━━━━━━━━━━━━━━━━\u001b[0m\u001b[37m\u001b[0m \u001b[1m0s\u001b[0m 10ms/step - loss: 8.7905e-04\n",
      "Epoch 5/10\n",
      "\u001b[1m42/42\u001b[0m \u001b[32m━━━━━━━━━━━━━━━━━━━━\u001b[0m\u001b[37m\u001b[0m \u001b[1m0s\u001b[0m 10ms/step - loss: 8.4626e-04\n",
      "Epoch 6/10\n",
      "\u001b[1m42/42\u001b[0m \u001b[32m━━━━━━━━━━━━━━━━━━━━\u001b[0m\u001b[37m\u001b[0m \u001b[1m1s\u001b[0m 12ms/step - loss: 8.3503e-04\n",
      "Epoch 7/10\n",
      "\u001b[1m42/42\u001b[0m \u001b[32m━━━━━━━━━━━━━━━━━━━━\u001b[0m\u001b[37m\u001b[0m \u001b[1m0s\u001b[0m 11ms/step - loss: 7.1679e-04\n",
      "Epoch 8/10\n",
      "\u001b[1m42/42\u001b[0m \u001b[32m━━━━━━━━━━━━━━━━━━━━\u001b[0m\u001b[37m\u001b[0m \u001b[1m0s\u001b[0m 10ms/step - loss: 5.8811e-04\n",
      "Epoch 9/10\n",
      "\u001b[1m42/42\u001b[0m \u001b[32m━━━━━━━━━━━━━━━━━━━━\u001b[0m\u001b[37m\u001b[0m \u001b[1m0s\u001b[0m 11ms/step - loss: 6.1701e-04\n",
      "Epoch 10/10\n",
      "\u001b[1m42/42\u001b[0m \u001b[32m━━━━━━━━━━━━━━━━━━━━\u001b[0m\u001b[37m\u001b[0m \u001b[1m0s\u001b[0m 9ms/step - loss: 5.2531e-04\n"
     ]
    },
    {
     "data": {
      "text/plain": [
       "<keras.src.callbacks.history.History at 0x266a3903910>"
      ]
     },
     "execution_count": 16,
     "metadata": {},
     "output_type": "execute_result"
    }
   ],
   "source": [
    "model.fit(X_train, y_train, epochs=10, batch_size=32)"
   ]
  },
  {
   "cell_type": "code",
   "execution_count": 17,
   "metadata": {},
   "outputs": [
    {
     "name": "stdout",
     "output_type": "stream",
     "text": [
      "\u001b[1m11/11\u001b[0m \u001b[32m━━━━━━━━━━━━━━━━━━━━\u001b[0m\u001b[37m\u001b[0m \u001b[1m0s\u001b[0m 16ms/step\n"
     ]
    }
   ],
   "source": [
    "y_pred = model.predict(X_test)"
   ]
  },
  {
   "cell_type": "code",
   "execution_count": 23,
   "metadata": {},
   "outputs": [
    {
     "data": {
